file_name, open_change, latest_price, open_price
10001485_SH_2018-10-08_2018-10-08.csv,10.8128834356,0.1445,0.1304
10001460_SH_2018-10-08_2018-10-08.csv,2.90381125227,0.1134,0.1102
10001488_SH_2018-10-08_2018-10-08.csv,4.01182432432,0.2463,0.2368
10001322_SH_2018-10-08_2018-10-08.csv,5.98455598456,0.0549,0.0518
10001451_SH_2018-10-08_2018-10-08.csv,-7.46753246753,0.0285,0.0308
10001425_SH_2018-10-08_2018-10-08.csv,-3.12163616792,0.09,0.0929
10001471_SH_2018-10-08_2018-10-08.csv,-5.34784666351,0.2,0.2113
10001318_SH_2018-10-08_2018-10-08.csv,-12.0356612184,0.0592,0.0673
10001467_SH_2018-10-08_2018-10-08.csv,5.2575677111,0.1982,0.1883
10001334_SH_2018-10-08_2018-10-08.csv,-3.29605650383,0.3286,0.3398
10001483_SH_2018-10-08_2018-10-08.csv,2.49687890137,0.0821,0.0801
10001323_SH_2018-10-08_2018-10-08.csv,2.15633423181,0.0758,0.0742
10001452_SH_2018-10-08_2018-10-08.csv,30.7692307692,0.0017,0.0013
10001370_SH_2018-10-08_2018-10-08.csv,4.30622009569,0.0218,0.0209
10001472_SH_2018-10-08_2018-10-08.csv,-8.93159977388,0.1611,0.1769
10001484_SH_2018-10-08_2018-10-08.csv,5.57729941292,0.1079,0.1022
10001412_SH_2018-10-08_2018-10-08.csv,-9.58904109589,0.0066,0.0073
10001477_SH_2018-10-08_2018-10-08.csv,-6.3829787234,0.044,0.047
10001422_SH_2018-10-08_2018-10-08.csv,-11.7684078037,0.1402,0.1589
10001468_SH_2018-10-08_2018-10-08.csv,-4.12111017662,0.228,0.2378
10001436_SH_2018-10-08_2018-10-08.csv,-32.7044025157,0.0321,0.0477
10001419_SH_2018-10-08_2018-10-08.csv,-2.84501061571,0.2288,0.2355
10001463_SH_2018-10-08_2018-10-08.csv,-2.62162162162,0.3603,0.37
10001433_SH_2018-10-08_2018-10-08.csv,6.1789421651,0.2148,0.2023
10001313_SH_2018-10-08_2018-10-08.csv,-5.23613963039,0.1846,0.1948
10001458_SH_2018-10-08_2018-10-08.csv,-2.84629981025,0.0512,0.0527
10001314_SH_2018-10-08_2018-10-08.csv,-3.78447722899,0.15,0.1559
10001332_SH_2018-10-08_2018-10-08.csv,10.0,0.0418,0.038
10001457_SH_2018-10-08_2018-10-08.csv,5.35117056856,0.0315,0.0299
10001450_SH_2018-10-08_2018-10-08.csv,-4.25531914894,0.045,0.047
10001333_SH_2018-10-08_2018-10-08.csv,-4.6511627907,0.0205,0.0215
10001474_SH_2018-10-08_2018-10-08.csv,-4.98188405797,0.1049,0.1104
10001487_SH_2018-10-08_2018-10-08.csv,2.19341974078,0.205,0.2006
10001459_SH_2018-10-08_2018-10-08.csv,5.26315789474,0.08,0.076
10001316_SH_2018-10-08_2018-10-08.csv,-4.67111534795,0.1,0.1049
10001475_SH_2018-10-08_2018-10-08.csv,-2.09545983702,0.0841,0.0859
10001423_SH_2018-10-08_2018-10-08.csv,-5.77350111029,0.1273,0.1351
10001384_SH_2018-10-08_2018-10-08.csv,4.90196078431,0.0107,0.0102
10001428_SH_2018-10-08_2018-10-08.csv,3.2992036405,0.0908,0.0879
10001466_SH_2018-10-08_2018-10-08.csv,2.04081632653,0.005,0.0049
10001453_SH_2018-10-08_2018-10-08.csv,19.0476190476,0.0025,0.0021
10001319_SH_2018-10-08_2018-10-08.csv,6.55737704918,0.052,0.0488
10001478_SH_2018-10-08_2018-10-08.csv,-12.7536231884,0.0301,0.0345
10001429_SH_2018-10-08_2018-10-08.csv,2.83018867925,0.109,0.106
10001455_SH_2018-10-08_2018-10-08.csv,-15.2542372881,0.01,0.0118
10001325_SH_2018-10-08_2018-10-08.csv,10.88260497,0.1294,0.1167
10001448_SH_2018-10-08_2018-10-08.csv,-6.17408906883,0.0927,0.0988
10001378_SH_2018-10-08_2018-10-08.csv,5.40540540541,0.0156,0.0148
10001482_SH_2018-10-08_2018-10-08.csv,9.52380952381,0.0598,0.0546
10001442_SH_2018-10-08_2018-10-08.csv,5.04201680672,0.025,0.0238
10001369_SH_2018-10-08_2018-10-08.csv,-5.30827563469,0.2872,0.3033
10001430_SH_2018-10-08_2018-10-08.csv,4.59307010475,0.1298,0.1241
10001327_SH_2018-10-08_2018-10-08.csv,3.84397964952,0.1837,0.1769
10001480_SH_2018-10-08_2018-10-08.csv,12.7118644068,0.0266,0.0236
10001331_SH_2018-10-08_2018-10-08.csv,-7.93163891323,0.2101,0.2282
10001360_SH_2018-10-08_2018-10-08.csv,6.12244897959,0.0312,0.0294
10001449_SH_2018-10-08_2018-10-08.csv,-3.52941176471,0.0656,0.068
10001320_SH_2018-10-08_2018-10-08.csv,-12.7423822715,0.0315,0.0361
10001481_SH_2018-10-08_2018-10-08.csv,13.7566137566,0.043,0.0378
10001444_SH_2018-10-08_2018-10-08.csv,-4.67625899281,0.265,0.278
10001426_SH_2018-10-08_2018-10-08.csv,3.72250423012,0.0613,0.0591
10001462_SH_2018-10-08_2018-10-08.csv,2.57595772787,0.1553,0.1514
10001434_SH_2018-10-08_2018-10-08.csv,4.60215053763,0.2432,0.2325
10001321_SH_2018-10-08_2018-10-08.csv,-16.2711864407,0.0247,0.0295
10001469_SH_2018-10-08_2018-10-08.csv,-4.0,0.072,0.075
10001432_SH_2018-10-08_2018-10-08.csv,5.62248995984,0.1841,0.1743
10001473_SH_2018-10-08_2018-10-08.csv,-6.70949321913,0.1307,0.1401
10001424_SH_2018-10-08_2018-10-08.csv,-2.29147571036,0.1066,0.1091
10001329_SH_2018-10-08_2018-10-08.csv,2.35571260306,0.2607,0.2547
10001462_SH_2018-10-09_2018-10-09.csv,-5.30932594645,0.2051,0.2166
10001384_SH_2018-10-09_2018-10-09.csv,-7.10382513661,0.017,0.0183
10001471_SH_2018-10-09_2018-10-09.csv,2.09742895805,0.1509,0.1478
10001315_SH_2018-10-09_2018-10-09.csv,3.25379609544,0.0952,0.0922
10001450_SH_2018-10-09_2018-10-09.csv,-6.36363636364,0.0206,0.022
10001477_SH_2018-10-09_2018-10-09.csv,4.3956043956,0.0285,0.0273
10001463_SH_2018-10-09_2018-10-09.csv,3.91409767925,0.3,0.2887
10001333_SH_2018-10-09_2018-10-09.csv,7.93650793651,0.0136,0.0126
10001370_SH_2018-10-09_2018-10-09.csv,-7.54189944134,0.0331,0.0358
10001467_SH_2018-10-09_2018-10-09.csv,-2.39543726236,0.2567,0.263
10001465_SH_2018-10-09_2018-10-09.csv,2.5641025641,0.004,0.0039
10001474_SH_2018-10-09_2018-10-09.csv,7.75862068966,0.075,0.0696
10001459_SH_2018-10-09_2018-10-09.csv,-3.90438247012,0.1206,0.1255
10001451_SH_2018-10-09_2018-10-09.csv,2.4,0.0128,0.0125
10001491_SH_2018-10-09_2018-10-09.csv,-5.14018691589,0.0203,0.0214
10001466_SH_2018-10-09_2018-10-09.csv,-4.0,0.0024,0.0025
10001460_SH_2018-10-09_2018-10-09.csv,-3.10818888225,0.1621,0.1673
10001481_SH_2018-10-09_2018-10-09.csv,-4.27098674521,0.065,0.0679
10001448_SH_2018-10-09_2018-10-09.csv,2.72904483431,0.0527,0.0513
10001412_SH_2018-10-09_2018-10-09.csv,-4.06504065041,0.0118,0.0123
10001453_SH_2018-10-09_2018-10-09.csv,-16.6666666667,0.0035,0.0042
10001478_SH_2018-10-09_2018-10-09.csv,2.60416666667,0.0197,0.0192
10001455_SH_2018-10-09_2018-10-09.csv,-5.55555555556,0.017,0.018
10001476_SH_2018-10-09_2018-10-09.csv,4.19947506562,0.0397,0.0381
10001475_SH_2018-10-09_2018-10-09.csv,3.6398467433,0.0541,0.0522
10001454_SH_2018-10-09_2018-10-09.csv,-15.0537634409,0.0079,0.0093
10001483_SH_2018-10-09_2018-10-09.csv,2.19966159052,0.1208,0.1182
10001313_SH_2018-10-09_2018-10-09.csv,-3.14381270903,0.1448,0.1495
10001473_SH_2018-10-09_2018-10-09.csv,2.84775465498,0.0939,0.0913
10001480_SH_2018-10-10_2018-10-10.csv,-4.08163265306,0.0376,0.0392
10001482_SH_2018-10-10_2018-10-10.csv,-5.78105781058,0.0766,0.0813
10001443_SH_2018-10-10_2018-10-10.csv,2.40441466299,0.2598,0.2537
10001447_SH_2018-10-10_2018-10-10.csv,3.41578327444,0.0878,0.0849
10001459_SH_2018-10-10_2018-10-10.csv,-4.12642669008,0.1092,0.1139
10001491_SH_2018-10-10_2018-10-10.csv,-22.4043715847,0.0142,0.0183
10001461_SH_2018-10-10_2018-10-10.csv,4.34782608696,0.0048,0.0046
10001462_SH_2018-10-10_2018-10-10.csv,-5.79781962339,0.1901,0.2018
10001478_SH_2018-10-10_2018-10-10.csv,15.0289017341,0.0199,0.0173
10001449_SH_2018-10-10_2018-10-10.csv,4.95626822157,0.036,0.0343
10001370_SH_2018-10-10_2018-10-10.csv,-5.84415584416,0.029,0.0308
10001445_SH_2018-10-10_2018-10-10.csv,3.56695869837,0.1655,0.1598
10001483_SH_2018-10-10_2018-10-10.csv,-5.19480519481,0.1022,0.1078
10001456_SH_2018-10-10_2018-10-10.csv,-3.88692579505,0.0272,0.0283
10001454_SH_2018-10-10_2018-10-10.csv,-18.5714285714,0.0057,0.007
10001460_SH_2018-10-10_2018-10-10.csv,-4.03071017274,0.15,0.1563
10001492_SH_2018-10-10_2018-10-10.csv,-3.92857142857,0.0269,0.028
10001477_SH_2018-10-10_2018-10-10.csv,13.6186770428,0.0292,0.0257
10001446_SH_2018-10-10_2018-10-10.csv,4.0,0.1248,0.12
10001489_SH_2018-10-10_2018-10-10.csv,8.38401390096,0.2495,0.2302
10001475_SH_2018-10-10_2018-10-10.csv,5.39499036609,0.0547,0.0519
10001474_SH_2018-10-10_2018-10-10.csv,4.6676096181,0.074,0.0707
10001479_SH_2018-10-10_2018-10-10.csv,5.40540540541,0.0117,0.0111
10001451_SH_2018-10-10_2018-10-10.csv,12.7659574468,0.0106,0.0094
10001467_SH_2018-10-10_2018-10-10.csv,-2.12510024058,0.2441,0.2494
10001457_SH_2018-10-10_2018-10-10.csv,-3.42741935484,0.0479,0.0496
10001444_SH_2018-10-10_2018-10-10.csv,3.93777345649,0.2138,0.2057
10001321_SH_2018-10-10_2018-10-10.csv,7.95454545455,0.019,0.0176
10001378_SH_2018-10-10_2018-10-10.csv,-8.25688073394,0.02,0.0218
10001471_SH_2018-10-10_2018-10-10.csv,3.9037085231,0.1597,0.1537
10001476_SH_2018-10-10_2018-10-10.csv,8.40108401084,0.04,0.0369
10001319_SH_2018-10-10_2018-10-10.csv,7.80780780781,0.0359,0.0333
10001448_SH_2018-10-10_2018-10-10.csv,2.86225402504,0.0575,0.0559
10001317_SH_2018-10-10_2018-10-10.csv,10.2915951973,0.0643,0.0583
10001485_SH_2018-10-11_2018-10-11.csv,10.510114336,0.2513,0.2274
10001436_SH_2018-10-11_2018-10-11.csv,26.0638297872,0.0948,0.0752
10001443_SH_2018-10-11_2018-10-11.csv,-2.41228070175,0.178,0.1824
10001377_SH_2018-10-11_2018-10-11.csv,-3.32911925832,0.2294,0.2373
10001491_SH_2018-10-11_2018-10-11.csv,147.706422018,0.081,0.0327
10001426_SH_2018-10-11_2018-10-11.csv,29.302832244,0.1187,0.0918
10001442_SH_2018-10-11_2018-10-11.csv,4.0,0.0468,0.045
10001489_SH_2018-10-11_2018-10-11.csv,-3.79464285714,0.1724,0.1792
10001478_SH_2018-10-11_2018-10-11.csv,-90.8333333333,0.0011,0.012
10001492_SH_2018-10-11_2018-10-11.csv,19.3548387097,0.0555,0.0465
10001470_SH_2018-10-11_2018-10-11.csv,5.11756569848,0.38,0.3615
10001420_SH_2018-10-11_2018-10-11.csv,-13.4969325153,0.141,0.163
10001315_SH_2018-10-11_2018-10-11.csv,-7.6,0.0693,0.075
10001479_SH_2018-10-11_2018-10-11.csv,-29.0697674419,0.0061,0.0086
10001444_SH_2018-10-11_2018-10-11.csv,-2.76967930029,0.1334,0.1372
10001463_SH_2018-10-11_2018-10-11.csv,-5.6150878697,0.2202,0.2333
10001488_SH_2018-10-11_2018-10-11.csv,3.00441014333,0.3737,0.3628
10001319_SH_2018-10-11_2018-10-11.csv,-7.30769230769,0.0241,0.026
10001490_SH_2018-10-11_2018-10-11.csv,-6.6,0.1401,0.15
10001483_SH_2018-10-11_2018-10-11.csv,6.49867374005,0.1606,0.1508
10001438_SH_2018-10-11_2018-10-11.csv,27.0049099836,0.0776,0.0611
10001450_SH_2018-10-11_2018-10-11.csv,-6.32911392405,0.0074,0.0079
10001418_SH_2018-10-11_2018-10-11.csv,-5.75682382134,0.1899,0.2015
10001465_SH_2018-10-11_2018-10-11.csv,-46.1538461538,0.0007,0.0013
10001428_SH_2018-10-11_2018-10-11.csv,19.3427931292,0.1598,0.1339
10001460_SH_2018-10-11_2018-10-11.csv,4.39804531319,0.235,0.2251
10001439_SH_2018-10-11_2018-10-11.csv,-2.15450907972,0.3179,0.3249
10001458_SH_2018-10-11_2018-10-11.csv,5.26315789474,0.14,0.133
10001435_SH_2018-10-11_2018-10-11.csv,-5.66037735849,0.25,0.265
10001430_SH_2018-10-11_2018-10-11.csv,7.69230769231,0.1988,0.1846
10001456_SH_2018-10-11_2018-10-11.csv,3.69276218612,0.0702,0.0677
10001452_SH_2018-10-11_2018-10-11.csv,51.4285714286,0.0053,0.0035
10001427_SH_2018-10-11_2018-10-11.csv,7.56227758007,0.1209,0.1124
10001482_SH_2018-10-11_2018-10-11.csv,8.9925062448,0.1309,0.1201
10001441_SH_2018-10-11_2018-10-11.csv,3.3908045977,0.3598,0.348
10001334_SH_2018-10-11_2018-10-11.csv,2.05291970803,0.4474,0.4384
10001423_SH_2018-10-11_2018-10-11.csv,-5.3302433372,0.0817,0.0863
10001369_SH_2018-10-11_2018-10-11.csv,-3.50701402806,0.1926,0.1996
10001464_SH_2018-10-11_2018-10-11.csv,56.0,0.0039,0.0025
10001451_SH_2018-10-11_2018-10-11.csv,-25.0,0.003,0.004
10001425_SH_2018-10-11_2018-10-11.csv,-15.3846153846,0.055,0.065
10001429_SH_2018-10-11_2018-10-11.csv,10.7029765674,0.1748,0.1579
10001484_SH_2018-10-11_2018-10-11.csv,8.95279435703,0.2008,0.1843
10001370_SH_2018-10-11_2018-10-11.csv,24.1784037559,0.0529,0.0426
10001324_SH_2018-10-11_2018-10-11.csv,6.78175092478,0.1732,0.1622
10001359_SH_2018-10-11_2018-10-11.csv,-65.7831325301,0.0568,0.166
10001461_SH_2018-10-11_2018-10-11.csv,26.3157894737,0.0024,0.0019
10001422_SH_2018-10-11_2018-10-11.csv,-6.64100096246,0.097,0.1039
10001378_SH_2018-10-11_2018-10-11.csv,21.568627451,0.0372,0.0306
10001469_SH_2018-10-11_2018-10-11.csv,-8.8679245283,0.0483,0.053
10001462_SH_2018-10-11_2018-10-11.csv,4.5871559633,0.285,0.2725
10001467_SH_2018-10-11_2018-10-11.csv,3.09885342423,0.3327,0.3227
10001481_SH_2018-10-11_2018-10-11.csv,13.0965593785,0.1019,0.0901
10001412_SH_2018-10-11_2018-10-11.csv,29.696969697,0.0214,0.0165
10001318_SH_2018-10-11_2018-10-11.csv,-10.355987055,0.0277,0.0309
10001457_SH_2018-10-11_2018-10-11.csv,2.4925224327,0.1028,0.1003
10001417_SH_2018-10-11_2018-10-11.csv,-12.68,0.2183,0.25
10001320_SH_2018-10-11_2018-10-11.csv,-2.85714285714,0.017,0.0175
10001486_SH_2018-10-11_2018-10-11.csv,2.69970414201,0.2777,0.2704
10001431_SH_2018-10-11_2018-10-11.csv,7.11610486891,0.2288,0.2136
10001332_SH_2018-10-11_2018-10-11.csv,5.71428571429,0.0888,0.084
10001360_SH_2018-10-11_2018-10-11.csv,8.19165378671,0.07,0.0647
10001468_SH_2018-10-11_2018-10-11.csv,8.09782608696,0.3978,0.368
10001472_SH_2018-10-11_2018-10-11.csv,-8.11764705882,0.0781,0.085
10001383_SH_2018-10-11_2018-10-11.csv,-3.82494831151,0.2791,0.2902
10001447_SH_2018-10-11_2018-10-11.csv,-8.75273522976,0.0417,0.0457
10001384_SH_2018-10-11_2018-10-11.csv,6.96517412935,0.0215,0.0201
10001317_SH_2018-10-11_2018-10-11.csv,-12.2916666667,0.0421,0.048
10001477_SH_2018-10-11_2018-10-11.csv,-13.0718954248,0.0133,0.0153
10001333_SH_2018-10-11_2018-10-11.csv,3.44827586207,0.009,0.0087
10001424_SH_2018-10-11_2018-10-11.csv,-6.45604395604,0.0681,0.0728
10001476_SH_2018-10-11_2018-10-11.csv,-7.14285714286,0.0195,0.021
10001437_SH_2018-10-11_2018-10-11.csv,-4.61909686315,0.2767,0.2901
10001323_SH_2018-10-11_2018-10-11.csv,22.7819548872,0.1633,0.133
10001440_SH_2018-10-11_2018-10-11.csv,14.8979591837,0.0563,0.049
10001316_SH_2018-10-11_2018-10-11.csv,3.18352059925,0.0551,0.0534
10001321_SH_2018-10-11_2018-10-11.csv,-16.6666666667,0.011,0.0132
10001327_SH_2018-10-11_2018-10-11.csv,2.98013245033,0.2799,0.2718
10001453_SH_2018-10-11_2018-10-11.csv,54.3689320388,0.0159,0.0103
10001322_SH_2018-10-11_2018-10-11.csv,27.9199110122,0.115,0.0899
10001434_SH_2018-10-11_2018-10-11.csv,7.01926216128,0.3278,0.3063
10001328_SH_2018-10-11_2018-10-11.csv,2.1711366539,0.32,0.3132
10001421_SH_2018-10-11_2018-10-11.csv,-8.73397435897,0.1139,0.1248
10001471_SH_2018-10-11_2018-10-11.csv,-4.90633363069,0.1066,0.1121
10001492_SH_2018-10-12_2018-10-12.csv,-12.134502924,0.0601,0.0684
10001491_SH_2018-10-12_2018-10-12.csv,-10.5367793241,0.045,0.0503
10001424_SH_2018-10-12_2018-10-12.csv,12.737920937,0.077,0.0683
10001454_SH_2018-10-12_2018-10-12.csv,-4.94186046512,0.0327,0.0344
10001480_SH_2018-10-12_2018-10-12.csv,-7.096069869,0.0851,0.0916
10001319_SH_2018-10-12_2018-10-12.csv,3.16742081448,0.0228,0.0221
10001489_SH_2018-10-12_2018-10-12.csv,2.87206266319,0.1576,0.1532
10001475_SH_2018-10-12_2018-10-12.csv,-10.625,0.0286,0.032
10001425_SH_2018-10-12_2018-10-12.csv,10.9734513274,0.0627,0.0565
10001471_SH_2018-10-12_2018-10-12.csv,8.14432989691,0.1049,0.097
10001331_SH_2018-10-12_2018-10-12.csv,3.62438220758,0.1258,0.1214
10001485_SH_2018-10-12_2018-10-12.csv,-4.7354790973,0.2575,0.2703
10001458_SH_2018-10-12_2018-10-12.csv,-7.98065296252,0.1522,0.1654
10001316_SH_2018-10-12_2018-10-12.csv,7.1129707113,0.0512,0.0478
10001431_SH_2018-10-12_2018-10-12.csv,-2.42868157286,0.2531,0.2594
10001384_SH_2018-10-12_2018-10-12.csv,-17.0157068063,0.0317,0.0382
10001377_SH_2018-10-12_2018-10-12.csv,2.57826887661,0.2228,0.2172
10001456_SH_2018-10-12_2018-10-12.csv,-4.60606060606,0.0787,0.0825
10001482_SH_2018-10-12_2018-10-12.csv,-3.44370860927,0.1458,0.151
10001457_SH_2018-10-12_2018-10-12.csv,-2.58397932817,0.1131,0.1161
10001469_SH_2018-10-12_2018-10-12.csv,5.27426160338,0.0499,0.0474
10001448_SH_2018-10-12_2018-10-12.csv,5.99078341014,0.023,0.0217
10001360_SH_2018-10-12_2018-10-12.csv,-3.45622119816,0.0838,0.0868
10001443_SH_2018-10-12_2018-10-12.csv,5.97302504817,0.165,0.1557
10001423_SH_2018-10-12_2018-10-12.csv,5.30120481928,0.0874,0.083
10001421_SH_2018-10-12_2018-10-12.csv,8.39100346021,0.1253,0.1156
10001496_SH_2018-10-12_2018-10-12.csv,-3.14285714286,0.0339,0.035
10001436_SH_2018-10-12_2018-10-12.csv,-6.73339399454,0.1025,0.1099
10001444_SH_2018-10-12_2018-10-12.csv,6.41025641026,0.1245,0.117
10001321_SH_2018-10-12_2018-10-12.csv,4.5045045045,0.0116,0.0111
10001317_SH_2018-10-12_2018-10-12.csv,8.10810810811,0.04,0.037
10001442_SH_2018-10-12_2018-10-12.csv,-5.21327014218,0.06,0.0633
10001446_SH_2018-10-12_2018-10-12.csv,3.27586206897,0.0599,0.058
10001479_SH_2018-10-12_2018-10-12.csv,-5.0,0.0057,0.006
10001453_SH_2018-10-12_2018-10-12.csv,-10.0502512563,0.0179,0.0199
10001322_SH_2018-10-12_2018-10-12.csv,-4.02985074627,0.1286,0.134
10001463_SH_2018-10-12_2018-10-12.csv,7.4812967581,0.2155,0.2005
10001438_SH_2018-10-12_2018-10-12.csv,-4.33789954338,0.0838,0.0876
10001315_SH_2018-10-12_2018-10-12.csv,10.447761194,0.0666,0.0603
10001464_SH_2018-10-12_2018-10-12.csv,-23.4375,0.0049,0.0064
10001412_SH_2018-10-12_2018-10-12.csv,-4.296875,0.0245,0.0256
10001378_SH_2018-10-12_2018-10-12.csv,-5.61797752809,0.0504,0.0534
10001495_SH_2018-10-12_2018-10-12.csv,-2.15517241379,0.0227,0.0232
10001483_SH_2018-10-12_2018-10-12.csv,-6.47751605996,0.1747,0.1868
10001484_SH_2018-10-12_2018-10-12.csv,-2.74579273694,0.2196,0.2258
10001473_SH_2018-10-12_2018-10-12.csv,4.10714285714,0.0583,0.056
10001313_SH_2018-10-12_2018-10-12.csv,6.83673469388,0.1047,0.098
10001418_SH_2018-10-12_2018-10-12.csv,5.52455357143,0.1891,0.1792
10001481_SH_2018-10-12_2018-10-12.csv,-14.9746192893,0.1005,0.1182
10001450_SH_2018-10-12_2018-10-12.csv,4.1095890411,0.0076,0.0073
10001325_SH_2018-10-12_2018-10-12.csv,-3.03292894281,0.2238,0.2308
10001333_SH_2018-10-12_2018-10-12.csv,15.5555555556,0.0104,0.009
10001370_SH_2018-10-12_2018-10-12.csv,-7.60059612519,0.062,0.0671
10001452_SH_2018-10-12_2018-10-12.csv,-5.82524271845,0.0097,0.0103
10001324_SH_2018-10-12_2018-10-12.csv,-6.60749506903,0.1894,0.2028
10001323_SH_2018-10-12_2018-10-12.csv,-4.90496627836,0.1551,0.1631
10001332_SH_2018-10-12_2018-10-12.csv,-3.88170055453,0.104,0.1082
10001422_SH_2018-10-12_2018-10-12.csv,15.494393476,0.1133,0.0981
10001449_SH_2018-10-12_2018-10-12.csv,11.7647058824,0.0133,0.0119
10001447_SH_2018-10-15_2018-10-15.csv,-4.98084291188,0.0496,0.0522
10001454_SH_2018-10-15_2018-10-15.csv,10.0,0.0165,0.015
10001455_SH_2018-10-15_2018-10-15.csv,3.44827586207,0.03,0.029
10001453_SH_2018-10-15_2018-10-15.csv,12.987012987,0.0087,0.0077
10001451_SH_2018-10-15_2018-10-15.csv,3.92156862745,0.0053,0.0051
10001326_SH_2018-10-15_2018-10-15.csv,7.77105630526,0.2316,0.2149
10001458_SH_2018-10-15_2018-10-15.csv,2.56849315068,0.1198,0.1168
10001478_SH_2018-10-15_2018-10-15.csv,3.00751879699,0.0137,0.0133
10001457_SH_2018-10-15_2018-10-15.csv,11.2,0.0834,0.075
10001476_SH_2018-10-15_2018-10-15.csv,-8.0,0.0276,0.03
10001452_SH_2018-10-15_2018-10-15.csv,-64.4444444444,0.0016,0.0045
10001317_SH_2018-10-15_2018-10-15.csv,-6.4,0.0468,0.05
10001474_SH_2018-10-15_2018-10-15.csv,-2.12389380531,0.0553,0.0565
10001450_SH_2018-10-15_2018-10-15.csv,-12.037037037,0.0095,0.0108
10001333_SH_2018-10-15_2018-10-15.csv,-3.6496350365,0.0132,0.0137
10001477_SH_2018-10-15_2018-10-15.csv,-2.5,0.0195,0.02
10001449_SH_2018-10-15_2018-10-15.csv,-3.37078651685,0.0172,0.0178
10001445_SH_2018-10-15_2018-10-15.csv,-2.65638389032,0.1136,0.1167
10001496_SH_2018-10-15_2018-10-15.csv,-6.92640692641,0.0215,0.0231
10001412_SH_2018-10-15_2018-10-15.csv,-3.31491712707,0.0175,0.0181
10001475_SH_2018-10-15_2018-10-15.csv,4.96277915633,0.0423,0.0403
10001456_SH_2018-10-15_2018-10-15.csv,10.3519668737,0.0533,0.0483
10001446_SH_2018-10-15_2018-10-15.csv,-5.46780072904,0.0778,0.0823
10001472_SH_2018-10-15_2018-10-15.csv,9.34182590234,0.103,0.0942
10001461_SH_2018-10-15_2018-10-15.csv,7.14285714286,0.003,0.0028
10001319_SH_2018-10-16_2018-10-16.csv,7.31707317073,0.0264,0.0246
10001451_SH_2018-10-16_2018-10-16.csv,-2.94117647059,0.0033,0.0034
10001495_SH_2018-10-16_2018-10-16.csv,-10.582010582,0.0169,0.0189
10001492_SH_2018-10-16_2018-10-16.csv,-6.14035087719,0.0535,0.057
10001476_SH_2018-10-16_2018-10-16.csv,3.0701754386,0.0235,0.0228
10001457_SH_2018-10-16_2018-10-16.csv,-6.67340748231,0.0923,0.0989
10001461_SH_2018-10-16_2018-10-16.csv,33.3333333333,0.0024,0.0018
10001490_SH_2018-10-16_2018-10-16.csv,6.60856935367,0.1468,0.1377
10001460_SH_2018-10-16_2018-10-16.csv,-3.50654837347,0.2284,0.2367
10001479_SH_2018-10-16_2018-10-16.csv,29.5081967213,0.0079,0.0061
10001448_SH_2018-10-16_2018-10-16.csv,5.66037735849,0.0224,0.0212
10001458_SH_2018-10-16_2018-10-16.csv,-5.02121640736,0.1343,0.1414
10001496_SH_2018-10-16_2018-10-16.csv,-51.2195121951,0.014,0.0287
10001489_SH_2018-10-16_2018-10-16.csv,3.52941176471,0.176,0.17
10001493_SH_2018-10-16_2018-10-16.csv,3.28068043742,0.255,0.2469
10001463_SH_2018-10-16_2018-10-16.csv,4.40308669995,0.23,0.2203
10001475_SH_2018-10-16_2018-10-16.csv,7.14285714286,0.0345,0.0322
10001471_SH_2018-10-16_2018-10-16.csv,5.06912442396,0.114,0.1085
10001472_SH_2018-10-16_2018-10-16.csv,5.85365853659,0.0868,0.082
10001318_SH_2018-10-16_2018-10-16.csv,5.29595015576,0.0338,0.0321
10001453_SH_2018-10-16_2018-10-16.csv,-14.0,0.0086,0.01
10001450_SH_2018-10-16_2018-10-16.csv,8.33333333333,0.0065,0.006
10001483_SH_2018-10-16_2018-10-16.csv,-3.06490384615,0.1613,0.1664
10001473_SH_2018-10-16_2018-10-16.csv,4.34083601286,0.0649,0.0622
10001443_SH_2018-10-16_2018-10-16.csv,5.31177829099,0.1824,0.1732
10001446_SH_2018-10-16_2018-10-16.csv,2.43506493506,0.0631,0.0616
10001481_SH_2018-10-16_2018-10-16.csv,-3.01556420233,0.0997,0.1028
10001320_SH_2018-10-16_2018-10-16.csv,6.3829787234,0.02,0.0188
10001482_SH_2018-10-16_2018-10-16.csv,-10.3579588728,0.1177,0.1313
10001454_SH_2018-10-16_2018-10-16.csv,-4.4776119403,0.0192,0.0201
10001317_SH_2018-10-16_2018-10-16.csv,30.2663438257,0.0538,0.0413
10001474_SH_2018-10-16_2018-10-16.csv,4.46428571429,0.0468,0.0448
10001452_SH_2018-10-16_2018-10-16.csv,-24.4897959184,0.0037,0.0049
10001480_SH_2018-10-16_2018-10-16.csv,-6.46830530401,0.0723,0.0773
10001459_SH_2018-10-16_2018-10-16.csv,-2.88153681964,0.182,0.1874
10001444_SH_2018-10-16_2018-10-16.csv,2.37003058104,0.1339,0.1308
10001378_SH_2018-10-16_2018-10-16.csv,-6.01851851852,0.0406,0.0432
10001423_SH_2018-10-17_2018-10-17.csv,5.62814070352,0.1051,0.0995
10001474_SH_2018-10-17_2018-10-17.csv,3.20754716981,0.0547,0.053
10001465_SH_2018-10-17_2018-10-17.csv,-22.2222222222,0.0007,0.0009
10001481_SH_2018-10-17_2018-10-17.csv,-3.75,0.077,0.08
10001445_SH_2018-10-17_2018-10-17.csv,4.34782608696,0.12,0.115
10001471_SH_2018-10-17_2018-10-17.csv,6.88816855754,0.1319,0.1234
10001412_SH_2018-10-17_2018-10-17.csv,-5.55555555556,0.017,0.018
10001370_SH_2018-10-17_2018-10-17.csv,-8.33333333333,0.044,0.048
10001425_SH_2018-10-17_2018-10-17.csv,7.60401721664,0.075,0.0697
10001411_SH_2018-10-17_2018-10-17.csv,4.99075785582,0.3408,0.3246
10001491_SH_2018-10-17_2018-10-17.csv,-8.69565217391,0.0273,0.0299
10001457_SH_2018-10-17_2018-10-17.csv,-4.14285714286,0.0671,0.07
10001326_SH_2018-10-17_2018-10-17.csv,2.18722659668,0.2336,0.2286
10001378_SH_2018-10-17_2018-10-17.csv,-9.31506849315,0.0331,0.0365
10001453_SH_2018-10-17_2018-10-17.csv,-8.88888888889,0.0041,0.0045
10001473_SH_2018-10-17_2018-10-17.csv,7.22070844687,0.0787,0.0734
10001458_SH_2018-10-17_2018-10-17.csv,-3.39302544769,0.1025,0.1061
10001443_SH_2018-10-17_2018-10-17.csv,3.74384236453,0.2106,0.203
10001479_SH_2018-10-17_2018-10-17.csv,19.512195122,0.0098,0.0082
10001452_SH_2018-10-17_2018-10-17.csv,-5.26315789474,0.0018,0.0019
10001314_SH_2018-10-17_2018-10-17.csv,5.15463917526,0.102,0.097
10001464_SH_2018-10-17_2018-10-17.csv,-33.3333333333,0.0006,0.0009
10001334_SH_2018-10-17_2018-10-17.csv,-2.05479452055,0.429,0.438
10001495_SH_2018-10-17_2018-10-17.csv,19.2660550459,0.013,0.0109
10001319_SH_2018-10-17_2018-10-17.csv,3.11418685121,0.0298,0.0289
10001463_SH_2018-10-17_2018-10-17.csv,4.99800079968,0.2626,0.2501
10001359_SH_2018-10-17_2018-10-17.csv,2.45901639344,0.1875,0.183
10001476_SH_2018-10-17_2018-10-17.csv,10.2941176471,0.03,0.0272
10001482_SH_2018-10-17_2018-10-17.csv,-8.07339449541,0.1002,0.109
10001451_SH_2018-10-17_2018-10-17.csv,7.40740740741,0.0029,0.0027
10001477_SH_2018-10-17_2018-10-17.csv,12.3655913978,0.0209,0.0186
10001459_SH_2018-10-17_2018-10-17.csv,-5.42437779196,0.1482,0.1567
10001469_SH_2018-10-17_2018-10-17.csv,2.45901639344,0.0625,0.061
10001496_SH_2018-10-17_2018-10-17.csv,-13.5514018692,0.0185,0.0214
10001422_SH_2018-10-17_2018-10-17.csv,4.56081081081,0.1238,0.1184
10001421_SH_2018-10-17_2018-10-17.csv,6.01783060921,0.1427,0.1346
10001333_SH_2018-10-17_2018-10-17.csv,4.72440944882,0.0133,0.0127
10001449_SH_2018-10-17_2018-10-17.csv,4.8275862069,0.0152,0.0145
10001442_SH_2018-10-17_2018-10-17.csv,-2.1377672209,0.0412,0.0421
10001475_SH_2018-10-17_2018-10-17.csv,9.61038961039,0.0422,0.0385
10001485_SH_2018-10-17_2018-10-17.csv,-3.80210719194,0.21,0.2183
10001417_SH_2018-10-17_2018-10-17.csv,-7.36928777275,0.225,0.2429
10001418_SH_2018-10-17_2018-10-17.csv,9.28705440901,0.233,0.2132
10001450_SH_2018-10-17_2018-10-17.csv,8.69565217391,0.0075,0.0069
10001318_SH_2018-10-17_2018-10-17.csv,8.46994535519,0.0397,0.0366
10001490_SH_2018-10-17_2018-10-17.csv,4.12698412698,0.164,0.1575
10001322_SH_2018-10-17_2018-10-17.csv,-7.46965452848,0.0991,0.1071
10001320_SH_2018-10-17_2018-10-17.csv,5.68720379147,0.0223,0.0211
10001384_SH_2018-10-17_2018-10-17.csv,-4.61538461538,0.0248,0.026
10001492_SH_2018-10-17_2018-10-17.csv,-2.92682926829,0.0398,0.041
10001317_SH_2018-10-17_2018-10-17.csv,4.49678800857,0.0488,0.0467
10001478_SH_2018-10-17_2018-10-17.csv,17.2131147541,0.0143,0.0122
10001454_SH_2018-10-17_2018-10-17.csv,-6.81818181818,0.0082,0.0088
10001323_SH_2018-10-17_2018-10-17.csv,-4.7256097561,0.125,0.1312
10001424_SH_2018-10-17_2018-10-17.csv,5.26315789474,0.09,0.0855
10001369_SH_2018-10-17_2018-10-17.csv,2.71639042357,0.2231,0.2172
10001484_SH_2018-10-17_2018-10-17.csv,-4.96009122007,0.1667,0.1754
10001435_SH_2018-10-17_2018-10-17.csv,2.394106814,0.278,0.2715
10001468_SH_2018-10-17_2018-10-17.csv,-5.36707452725,0.3403,0.3596
10001493_SH_2018-10-17_2018-10-17.csv,4.59469555473,0.28,0.2677
10001455_SH_2018-10-17_2018-10-17.csv,-5.15463917526,0.0184,0.0194
10001456_SH_2018-10-17_2018-10-17.csv,-3.07692307692,0.0378,0.039
10001321_SH_2018-10-17_2018-10-17.csv,9.14634146341,0.0179,0.0164
10001483_SH_2018-10-17_2018-10-17.csv,-7.59493670886,0.1314,0.1422
10001360_SH_2018-10-17_2018-10-17.csv,-9.07668231612,0.0581,0.0639
10001460_SH_2018-10-17_2018-10-17.csv,-3.55329949239,0.19,0.197
10001461_SH_2018-10-17_2018-10-17.csv,-14.2857142857,0.0012,0.0014
10001467_SH_2018-10-17_2018-10-17.csv,-3.92868933641,0.291,0.3029
10001324_SH_2018-10-17_2018-10-17.csv,-2.30242688239,0.157,0.1607
10001472_SH_2018-10-17_2018-10-17.csv,3.3,0.1033,0.1
10001491_SH_2018-10-18_2018-10-18.csv,-2.80612244898,0.0381,0.0392
10001427_SH_2018-10-18_2018-10-18.csv,3.17577548006,0.1397,0.1354
10001318_SH_2018-10-18_2018-10-18.csv,4.87804878049,0.0344,0.0328
10001463_SH_2018-10-18_2018-10-18.csv,-2.87802649612,0.2126,0.2189
10001321_SH_2018-10-18_2018-10-18.csv,-2.0,0.0147,0.015
10001482_SH_2018-10-18_2018-10-18.csv,7.8137332281,0.1366,0.1267
10001313_SH_2018-10-18_2018-10-18.csv,-4.61401952085,0.1075,0.1127
10001322_SH_2018-10-18_2018-10-18.csv,3.80952380952,0.1199,0.1155
10001450_SH_2018-10-18_2018-10-18.csv,3.22580645161,0.0032,0.0031
10001460_SH_2018-10-18_2018-10-18.csv,2.24175824176,0.2326,0.2275
10001445_SH_2018-10-18_2018-10-18.csv,-3.11059907834,0.0841,0.0868
10001452_SH_2018-10-18_2018-10-18.csv,8.33333333333,0.0026,0.0024
10001495_SH_2018-10-18_2018-10-18.csv,5.625,0.0169,0.016
10001369_SH_2018-10-18_2018-10-18.csv,3.38635197537,0.2015,0.1949
10001442_SH_2018-10-18_2018-10-18.csv,2.16962524655,0.0518,0.0507
10001447_SH_2018-10-18_2018-10-18.csv,-5.01567398119,0.0303,0.0319
10001454_SH_2018-10-18_2018-10-18.csv,-11.1111111111,0.0176,0.0198
10001412_SH_2018-10-18_2018-10-18.csv,4.0,0.0234,0.0225
10001471_SH_2018-10-18_2018-10-18.csv,-2.97833935018,0.1075,0.1108
10001477_SH_2018-10-18_2018-10-18.csv,5.16129032258,0.0163,0.0155
10001480_SH_2018-10-18_2018-10-18.csv,4.53333333333,0.0784,0.075
10001457_SH_2018-10-18_2018-10-18.csv,3.125,0.099,0.096
10001443_SH_2018-10-18_2018-10-18.csv,-3.46420323326,0.1672,0.1732
10001464_SH_2018-10-18_2018-10-18.csv,9.09090909091,0.0012,0.0011
10001359_SH_2018-10-18_2018-10-18.csv,-2.97397769517,0.1566,0.1614
10001451_SH_2018-10-18_2018-10-18.csv,-17.6470588235,0.0014,0.0017
10001482_SH_2018-10-19_2018-10-19.csv,-3.37268128162,0.1719,0.1779
10001462_SH_2018-10-19_2018-10-19.csv,-2.69886363636,0.3425,0.352
10001451_SH_2018-10-19_2018-10-19.csv,9.09090909091,0.0012,0.0011
10001321_SH_2018-10-19_2018-10-19.csv,5.47945205479,0.0154,0.0146
10001446_SH_2018-10-19_2018-10-19.csv,-2.61194029851,0.0261,0.0268
10001456_SH_2018-10-19_2018-10-19.csv,-4.85611510791,0.1058,0.1112
10001452_SH_2018-10-19_2018-10-19.csv,2.85714285714,0.0072,0.007
10001313_SH_2018-10-19_2018-10-19.csv,-2.21729490022,0.0882,0.0902
10001497_SH_2018-10-19_2018-10-19.csv,3.34975369458,0.2098,0.203
10001475_SH_2018-10-19_2018-10-19.csv,-9.34256055363,0.0262,0.0289
10001453_SH_2018-10-19_2018-10-19.csv,2.71739130435,0.0189,0.0184
10001493_SH_2018-10-19_2018-10-19.csv,4.55974842767,0.1995,0.1908
10001378_SH_2018-10-19_2018-10-19.csv,-3.1746031746,0.061,0.063
10001476_SH_2018-10-19_2018-10-19.csv,2.77777777778,0.0185,0.018
10001474_SH_2018-10-19_2018-10-19.csv,-5.05319148936,0.0357,0.0376
10001377_SH_2018-10-19_2018-10-19.csv,4.27489177489,0.1927,0.1848
10001488_SH_2018-10-19_2018-10-19.csv,-2.01793721973,0.437,0.446
10001320_SH_2018-10-19_2018-10-19.csv,11.6279069767,0.0192,0.0172
10001499_SH_2018-10-19_2018-10-19.csv,4.93665356051,0.2402,0.2289
10001450_SH_2018-10-19_2018-10-19.csv,-13.0434782609,0.002,0.0023
10001492_SH_2018-10-19_2018-10-19.csv,3.16686967113,0.0847,0.0821
10001486_SH_2018-10-19_2018-10-19.csv,-2.25955967555,0.3374,0.3452
10001478_SH_2018-10-19_2018-10-19.csv,3.37078651685,0.0092,0.0089
10001481_SH_2018-10-19_2018-10-19.csv,-2.73151232512,0.146,0.1501
10001484_SH_2018-10-19_2018-10-19.csv,8.99959823222,0.2713,0.2489
10001473_SH_2018-10-19_2018-10-19.csv,-2.46406570842,0.0475,0.0487
10001449_SH_2018-10-19_2018-10-19.csv,-2.32558139535,0.0042,0.0043
10001359_SH_2018-10-19_2018-10-19.csv,4.24528301887,0.1326,0.1272
10001454_SH_2018-10-19_2018-10-19.csv,2.12201591512,0.0385,0.0377
10001412_SH_2018-10-19_2018-10-19.csv,-12.8767123288,0.0318,0.0365
10001328_SH_2018-10-19_2018-10-19.csv,2.5641025641,0.4,0.39
10001491_SH_2018-10-19_2018-10-19.csv,-2.02177293935,0.063,0.0643
10001498_SH_2018-10-19_2018-10-19.csv,11.1111111111,0.002,0.0018
10001324_SH_2018-10-19_2018-10-19.csv,-3.1007751938,0.225,0.2322
10001489_SH_2018-10-19_2018-10-19.csv,-2.53353204173,0.1308,0.1342
10001459_SH_2018-10-19_2018-10-19.csv,3.19106501795,0.2587,0.2507
10001480_SH_2018-10-19_2018-10-19.csv,4.52830188679,0.1108,0.106
10001448_SH_2018-10-19_2018-10-19.csv,-11.7647058824,0.0075,0.0085
10001332_SH_2018-10-19_2018-10-19.csv,-5.86872586873,0.1219,0.1295
10001495_SH_2018-10-19_2018-10-19.csv,8.87372013652,0.0319,0.0293
10001496_SH_2018-10-19_2018-10-19.csv,-8.37004405286,0.0416,0.0454
10001412_SH_2018-10-22_2018-10-22.csv,-13.3333333333,0.0143,0.0165
10001370_SH_2018-10-22_2018-10-22.csv,-3.25581395349,0.0416,0.043
10001451_SH_2018-10-22_2018-10-22.csv,37.5,0.0011,0.0008
10001445_SH_2018-10-22_2018-10-22.csv,-6.99658703072,0.109,0.1172
10001455_SH_2018-10-22_2018-10-22.csv,-15.9663865546,0.01,0.0119
10001458_SH_2018-10-22_2018-10-22.csv,6.60792951542,0.0968,0.0908
10001477_SH_2018-10-22_2018-10-22.csv,9.94764397906,0.021,0.0191
10001469_SH_2018-10-22_2018-10-22.csv,8.56313497823,0.0748,0.0689
10001496_SH_2018-10-22_2018-10-22.csv,8.0,0.0162,0.015
10001411_SH_2018-10-22_2018-10-22.csv,2.5641025641,0.348,0.3393
10001322_SH_2018-10-22_2018-10-22.csv,-3.74873353597,0.095,0.0987
10001444_SH_2018-10-22_2018-10-22.csv,-8.23798627002,0.1604,0.1748
10001378_SH_2018-10-22_2018-10-22.csv,-3.8961038961,0.0296,0.0308
10001468_SH_2018-10-22_2018-10-22.csv,-3.84615384615,0.33,0.3432
10001452_SH_2018-10-22_2018-10-22.csv,28.5714285714,0.0009,0.0007
10001450_SH_2018-10-22_2018-10-22.csv,-13.5135135135,0.0032,0.0037
10001449_SH_2018-10-22_2018-10-22.csv,-14.2857142857,0.0078,0.0091
10001384_SH_2018-10-22_2018-10-22.csv,-6.10328638498,0.02,0.0213
10001323_SH_2018-10-22_2018-10-22.csv,-3.14516129032,0.1201,0.124
10001359_SH_2018-10-22_2018-10-22.csv,3.995621237,0.19,0.1827
10001485_SH_2018-10-22_2018-10-22.csv,-9.38542162935,0.1902,0.2099
10001321_SH_2018-10-22_2018-10-22.csv,13.3720930233,0.0195,0.0172
10001471_SH_2018-10-22_2018-10-22.csv,3.75099760575,0.13,0.1253
10001314_SH_2018-10-22_2018-10-22.csv,4.38169425511,0.1072,0.1027
10001465_SH_2018-10-22_2018-10-22.csv,133.333333333,0.0007,0.0003
10001495_SH_2018-10-22_2018-10-22.csv,10.0,0.011,0.01
10001317_SH_2018-10-22_2018-10-22.csv,5.56621880998,0.055,0.0521
10001313_SH_2018-10-22_2018-10-22.csv,2.85714285714,0.1296,0.126
10001419_SH_2018-10-22_2018-10-22.csv,4.59183673469,0.205,0.196
10001461_SH_2018-10-22_2018-10-22.csv,-50.0,0.0006,0.0012
10001327_SH_2018-10-22_2018-10-22.csv,-9.95670995671,0.2288,0.2541
10001315_SH_2018-10-22_2018-10-22.csv,2.62529832936,0.086,0.0838
10001457_SH_2018-10-22_2018-10-22.csv,21.1627906977,0.0521,0.043
10001328_SH_2018-10-22_2018-10-22.csv,-4.88684814693,0.29,0.3049
10001483_SH_2018-10-22_2018-10-22.csv,-2.14974054855,0.132,0.1349
10001493_SH_2018-10-22_2018-10-22.csv,6.4435742257,0.299,0.2809
10001460_SH_2018-10-22_2018-10-22.csv,-6.89481630599,0.185,0.1987
10001454_SH_2018-10-22_2018-10-22.csv,-16.6666666667,0.0025,0.003
10001448_SH_2018-10-22_2018-10-22.csv,4.11764705882,0.0177,0.017
10001488_SH_2018-10-22_2018-10-22.csv,-3.92898719441,0.3301,0.3436
10001333_SH_2018-10-22_2018-10-22.csv,14.7286821705,0.0148,0.0129
10001464_SH_2018-10-22_2018-10-22.csv,-20.0,0.0004,0.0005
10001500_SH_2018-10-22_2018-10-22.csv,-52.9411764706,0.0032,0.0068
10001320_SH_2018-10-22_2018-10-22.csv,11.8421052632,0.0255,0.0228
10001441_SH_2018-10-22_2018-10-22.csv,2.29276895944,0.406,0.3969
10001443_SH_2018-10-22_2018-10-22.csv,3.95803528851,0.218,0.2097
10001453_SH_2018-10-22_2018-10-22.csv,75.0,0.0021,0.0012
10001475_SH_2018-10-22_2018-10-22.csv,4.7619047619,0.0418,0.0399
10001459_SH_2018-10-22_2018-10-22.csv,-8.97959183673,0.1338,0.147
10001420_SH_2018-10-22_2018-10-22.csv,2.62390670554,0.176,0.1715
10001490_SH_2018-10-22_2018-10-22.csv,-2.33702337023,0.1588,0.1626
10001331_SH_2018-10-22_2018-10-22.csv,3.55987055016,0.16,0.1545
10001482_SH_2018-10-22_2018-10-22.csv,3.4,0.1034,0.1
10001499_SH_2018-10-22_2018-10-22.csv,7.81880235805,0.3475,0.3223
10001369_SH_2018-10-22_2018-10-22.csv,3.38433008809,0.223,0.2157
10001492_SH_2018-10-22_2018-10-22.csv,-6.84596577017,0.0381,0.0409
10001319_SH_2018-10-22_2018-10-22.csv,3.77358490566,0.033,0.0318
10001318_SH_2018-10-22_2018-10-22.csv,6.91358024691,0.0433,0.0405
10001326_SH_2018-10-22_2018-10-22.csv,-3.35570469799,0.216,0.2235
10001447_SH_2018-10-22_2018-10-22.csv,-5.60975609756,0.0387,0.041
10001487_SH_2018-10-22_2018-10-22.csv,-2.29688035653,0.285,0.2917
10001479_SH_2018-10-22_2018-10-22.csv,4.6511627907,0.009,0.0086
10001332_SH_2018-10-23_2018-10-23.csv,-10.5367793241,0.045,0.0503
10001450_SH_2018-10-23_2018-10-23.csv,-13.5593220339,0.0102,0.0118
10001494_SH_2018-10-23_2018-10-23.csv,2.41379310345,0.3267,0.319
10001457_SH_2018-10-23_2018-10-23.csv,-9.00900900901,0.0101,0.0111
10001324_SH_2018-10-23_2018-10-23.csv,2.27894257065,0.1122,0.1097
10001425_SH_2018-10-23_2018-10-23.csv,6.47693817468,0.1085,0.1019
10001461_SH_2018-10-23_2018-10-23.csv,100.0,0.001,0.0005
10001460_SH_2018-10-23_2018-10-23.csv,-2.45829675154,0.1111,0.1139
10001318_SH_2018-10-23_2018-10-23.csv,3.82059800664,0.0625,0.0602
10001475_SH_2018-10-23_2018-10-23.csv,6.98412698413,0.0674,0.063
10001422_SH_2018-10-23_2018-10-23.csv,-2.65486725664,0.154,0.1582
10001378_SH_2018-10-23_2018-10-23.csv,8.24175824176,0.0197,0.0182
10001474_SH_2018-10-23_2018-10-23.csv,2.76243093923,0.093,0.0905
10001499_SH_2018-10-23_2018-10-23.csv,4.04920553562,0.406,0.3902
10001451_SH_2018-10-23_2018-10-23.csv,-23.6842105263,0.0029,0.0038
10001465_SH_2018-10-23_2018-10-23.csv,100.0,0.0004,0.0002
10001323_SH_2018-10-23_2018-10-23.csv,4.35294117647,0.0887,0.085
10001479_SH_2018-10-23_2018-10-23.csv,2.32558139535,0.0176,0.0172
10001456_SH_2018-10-23_2018-10-23.csv,11.1111111111,0.002,0.0018
10001321_SH_2018-10-23_2018-10-23.csv,-6.75241157556,0.029,0.0311
10001320_SH_2018-10-23_2018-10-23.csv,-2.63852242744,0.0369,0.0379
10001485_SH_2018-10-23_2018-10-23.csv,-3.66178428762,0.1447,0.1502
10001491_SH_2018-10-23_2018-10-23.csv,4.8,0.0131,0.0125
10001496_SH_2018-10-23_2018-10-23.csv,2.38095238095,0.0086,0.0084
10001333_SH_2018-10-23_2018-10-23.csv,4.60829493088,0.0227,0.0217
10001319_SH_2018-10-23_2018-10-23.csv,-2.04081632653,0.048,0.049
10001455_SH_2018-10-23_2018-10-23.csv,-61.5384615385,0.0005,0.0013
10001450_SH_2018-10-24_2018-10-24.csv,-20.0,0.0004,0.0005
10001475_SH_2018-10-24_2018-10-24.csv,9.32400932401,0.0469,0.0429
10001491_SH_2018-10-24_2018-10-24.csv,-2.12765957447,0.023,0.0235
10001460_SH_2018-10-24_2018-10-24.csv,-8.35881753313,0.1798,0.1962
10001489_SH_2018-10-24_2018-10-24.csv,7.19834282755,0.207,0.1931
10001479_SH_2018-10-24_2018-10-24.csv,13.0434782609,0.013,0.0115
10001481_SH_2018-10-24_2018-10-24.csv,-5.29032258065,0.0734,0.0775
10001360_SH_2018-10-24_2018-10-24.csv,-6.97674418605,0.056,0.0602
10001332_SH_2018-10-24_2018-10-24.csv,-5.18331226296,0.075,0.0791
10001447_SH_2018-10-24_2018-10-24.csv,23.2,0.0308,0.025
10001313_SH_2018-10-24_2018-10-24.csv,2.34670704012,0.1352,0.1321
10001477_SH_2018-10-24_2018-10-24.csv,-10.1818181818,0.0247,0.0275
10001316_SH_2018-10-24_2018-10-24.csv,12.0765832106,0.0761,0.0679
10001449_SH_2018-10-24_2018-10-24.csv,66.6666666667,0.0015,0.0009
10001333_SH_2018-10-24_2018-10-24.csv,6.54761904762,0.0179,0.0168
10001459_SH_2018-10-24_2018-10-24.csv,-15.5844155844,0.1235,0.1463
10001472_SH_2018-10-24_2018-10-24.csv,3.5538005923,0.1049,0.1013
10001457_SH_2018-10-24_2018-10-24.csv,-12.0,0.044,0.05
10001456_SH_2018-10-24_2018-10-24.csv,-13.2530120482,0.0144,0.0166
10001331_SH_2018-10-24_2018-10-24.csv,13.7931034483,0.165,0.145
10001483_SH_2018-10-24_2018-10-24.csv,-2.10843373494,0.13,0.1328
10001446_SH_2018-10-24_2018-10-24.csv,12.539184953,0.0718,0.0638
10001319_SH_2018-10-24_2018-10-24.csv,4.57142857143,0.0366,0.035
10001454_SH_2018-10-24_2018-10-24.csv,75.0,0.0014,0.0008
10001458_SH_2018-10-24_2018-10-24.csv,-17.3553719008,0.08,0.0968
10001478_SH_2018-10-24_2018-10-24.csv,9.09090909091,0.018,0.0165
10001455_SH_2018-10-24_2018-10-24.csv,-28.2608695652,0.0033,0.0046
10001317_SH_2018-10-24_2018-10-24.csv,5.67765567766,0.0577,0.0546
10001445_SH_2018-10-24_2018-10-24.csv,10.8309990663,0.1187,0.1071
10001370_SH_2018-10-24_2018-10-24.csv,-8.6859688196,0.041,0.0449
10001321_SH_2018-10-24_2018-10-24.csv,3.66972477064,0.0226,0.0218
10001443_SH_2018-10-24_2018-10-24.csv,6.5306122449,0.2088,0.196
10001485_SH_2018-10-24_2018-10-24.csv,-2.36518448439,0.2064,0.2114
10001500_SH_2018-10-24_2018-10-24.csv,6.3829787234,0.005,0.0047
10001487_SH_2018-10-24_2018-10-24.csv,-5.34706077715,0.285,0.3011
10001412_SH_2018-10-24_2018-10-24.csv,-16.1290322581,0.013,0.0155
10001444_SH_2018-10-24_2018-10-24.csv,3.09278350515,0.16,0.1552
10001462_SH_2018-10-24_2018-10-24.csv,-6.3829787234,0.2288,0.2444
10001448_SH_2018-10-24_2018-10-24.csv,7.40740740741,0.0087,0.0081
10001492_SH_2018-10-24_2018-10-24.csv,-7.10526315789,0.0353,0.038
10001463_SH_2018-10-24_2018-10-24.csv,3.71248025276,0.2626,0.2532
10001384_SH_2018-10-24_2018-10-24.csv,-14.0969162996,0.0195,0.0227
10001424_SH_2018-10-24_2018-10-24.csv,-8.53413654618,0.0911,0.0996
10001318_SH_2018-10-24_2018-10-24.csv,13.6258660508,0.0492,0.0433
10001496_SH_2018-10-24_2018-10-24.csv,-18.75,0.013,0.016
10001467_SH_2018-10-24_2018-10-24.csv,-5.33880903491,0.2766,0.2922
10001440_SH_2018-10-25_2018-10-25.csv,14.3112701252,0.0639,0.0559
10001417_SH_2018-10-25_2018-10-25.csv,-5.03715937242,0.23,0.2422
10001434_SH_2018-10-25_2018-10-25.csv,3.61695819745,0.3495,0.3373
10001422_SH_2018-10-25_2018-10-25.csv,-2.23107569721,0.1227,0.1255
10001412_SH_2018-10-25_2018-10-25.csv,21.978021978,0.0222,0.0182
10001334_SH_2018-10-25_2018-10-25.csv,2.05524861878,0.4618,0.4525
10001318_SH_2018-10-25_2018-10-25.csv,-11.25,0.0355,0.04
10001316_SH_2018-10-25_2018-10-25.csv,-5.71428571429,0.0561,0.0595
10001313_SH_2018-10-25_2018-10-25.csv,-2.95395308427,0.1117,0.1151
10001515_SH_2018-10-25_2018-10-25.csv,2.95523685354,0.2369,0.2301
10001487_SH_2018-10-25_2018-10-25.csv,5.79987253027,0.332,0.3138
10001514_SH_2018-10-25_2018-10-25.csv,3.56259277585,0.2093,0.2021
10001427_SH_2018-10-25_2018-10-25.csv,20.4838709677,0.1494,0.124
10001324_SH_2018-10-25_2018-10-25.csv,10.2088167053,0.19,0.1724
10001319_SH_2018-10-25_2018-10-25.csv,-16.0535117057,0.0251,0.0299
10001470_SH_2018-10-25_2018-10-25.csv,9.63086316958,0.395,0.3603
10001495_SH_2018-10-25_2018-10-25.csv,32.0,0.0198,0.015
10001475_SH_2018-10-25_2018-10-25.csv,-2.02702702703,0.029,0.0296
10001493_SH_2018-10-25_2018-10-25.csv,-5.39816232772,0.2471,0.2612
10001384_SH_2018-10-25_2018-10-25.csv,10.394265233,0.0308,0.0279
10001331_SH_2018-10-25_2018-10-25.csv,-2.99270072993,0.1329,0.137
10001423_SH_2018-10-25_2018-10-25.csv,-7.49306197965,0.1,0.1081
10001425_SH_2018-10-25_2018-10-25.csv,-3.64779874214,0.0766,0.0795
10001326_SH_2018-10-25_2018-10-25.csv,7.4197582326,0.2577,0.2399
10001419_SH_2018-10-25_2018-10-25.csv,-2.88713910761,0.185,0.1905
10001426_SH_2018-10-25_2018-10-25.csv,7.62548262548,0.1115,0.1036
10001428_SH_2018-10-25_2018-10-25.csv,6.7876344086,0.1589,0.1488
10001317_SH_2018-10-25_2018-10-25.csv,-10.1796407186,0.045,0.0501
10001500_SH_2018-10-25_2018-10-25.csv,12.5,0.0117,0.0104
10001321_SH_2018-10-25_2018-10-25.csv,-14.8717948718,0.0166,0.0195
10001485_SH_2018-10-25_2018-10-25.csv,5.98290598291,0.248,0.234
10001471_SH_2018-10-25_2018-10-25.csv,2.38805970149,0.1029,0.1005
10001486_SH_2018-10-25_2018-10-25.csv,4.59645313066,0.289,0.2763
10001378_SH_2018-10-25_2018-10-25.csv,16.2601626016,0.0429,0.0369
10001325_SH_2018-10-25_2018-10-25.csv,8.10151293314,0.2215,0.2049
10001370_SH_2018-10-25_2018-10-25.csv,17.9133858268,0.0599,0.0508
10001481_SH_2018-10-25_2018-10-25.csv,-15.4166666667,0.1015,0.12
10001499_SH_2018-10-25_2018-10-25.csv,-3.52159468439,0.2904,0.301
10001432_SH_2018-10-25_2018-10-25.csv,6.66161998486,0.2818,0.2642
10001488_SH_2018-10-25_2018-10-25.csv,4.85651214128,0.38,0.3624
10001516_SH_2018-10-25_2018-10-25.csv,3.4536282499,0.2666,0.2577
10001322_SH_2018-10-25_2018-10-25.csv,11.1111111111,0.125,0.1125
10001478_SH_2018-10-25_2018-10-25.csv,-18.3673469388,0.008,0.0098
10001436_SH_2018-10-25_2018-10-25.csv,14.6198830409,0.098,0.0855
10001469_SH_2018-10-25_2018-10-25.csv,-7.46478873239,0.0657,0.071
10001332_SH_2018-10-25_2018-10-25.csv,10.6981981982,0.0983,0.0888
10001369_SH_2018-10-25_2018-10-25.csv,-4.49101796407,0.1914,0.2004
10001418_SH_2018-10-25_2018-10-25.csv,-3.93053016453,0.2102,0.2188
10001442_SH_2018-10-25_2018-10-25.csv,3.83064516129,0.0515,0.0496
10001359_SH_2018-10-25_2018-10-25.csv,-4.93166963755,0.16,0.1683
10001323_SH_2018-10-25_2018-10-25.csv,3.36194563662,0.1445,0.1398
10001496_SH_2018-10-25_2018-10-25.csv,-25.0,0.03,0.04
10001420_SH_2018-10-25_2018-10-25.csv,-4.07673860911,0.16,0.1668
10001477_SH_2018-10-25_2018-10-25.csv,-12.9496402878,0.0121,0.0139
10001430_SH_2018-10-25_2018-10-25.csv,3.49926071957,0.21,0.2029
10001472_SH_2018-10-25_2018-10-25.csv,-2.375,0.0781,0.08
10001333_SH_2018-10-25_2018-10-25.csv,-12.0805369128,0.0131,0.0149
10001438_SH_2018-10-25_2018-10-25.csv,7.67085076709,0.0772,0.0717
10001328_SH_2018-10-25_2018-10-25.csv,5.19801980198,0.34,0.3232
10001509_SH_2018-10-25_2018-10-25.csv,-2.54237288136,0.138,0.1416
10001484_SH_2018-10-25_2018-10-25.csv,2.95315682281,0.2022,0.1964
10001492_SH_2018-10-25_2018-10-25.csv,2.23367697595,0.0595,0.0582
10001360_SH_2018-10-25_2018-10-25.csv,10.3801169591,0.0755,0.0684
10001491_SH_2018-10-25_2018-10-25.csv,2.17391304348,0.047,0.046
10001320_SH_2018-10-25_2018-10-25.csv,-19.6787148594,0.02,0.0249
10001479_SH_2018-10-25_2018-10-25.csv,-15.9420289855,0.0058,0.0069
10001333_SH_2018-10-26_2018-10-26.csv,4.6783625731,0.0179,0.0171
10001495_SH_2018-10-26_2018-10-26.csv,-16.3265306122,0.0082,0.0098
10001479_SH_2018-10-26_2018-10-26.csv,-8.9552238806,0.0122,0.0134
10001360_SH_2018-10-26_2018-10-26.csv,-5.83038869258,0.0533,0.0566
10001480_SH_2018-10-26_2018-10-26.csv,4.49678800857,0.0488,0.0467
10001482_SH_2018-10-26_2018-10-26.csv,7.31132075472,0.091,0.0848
10001313_SH_2018-10-26_2018-10-26.csv,2.67123287671,0.1499,0.146
10001484_SH_2018-10-26_2018-10-26.csv,-2.40572171651,0.1501,0.1538
10001474_SH_2018-10-26_2018-10-26.csv,-4.88466757123,0.0701,0.0737
10001491_SH_2018-10-26_2018-10-26.csv,-7.9295154185,0.0209,0.0227
10001378_SH_2018-10-26_2018-10-26.csv,-8.16993464052,0.0281,0.0306
10001483_SH_2018-10-26_2018-10-26.csv,-4.75409836066,0.1162,0.122
10001411_SH_2018-10-26_2018-10-26.csv,4.67238042577,0.3786,0.3617
10001492_SH_2018-10-26_2018-10-26.csv,2.90322580645,0.0319,0.031
10001322_SH_2018-10-26_2018-10-26.csv,-2.25321888412,0.0911,0.0932
10001314_SH_2018-10-26_2018-10-26.csv,3.41951626355,0.124,0.1199
10001412_SH_2018-10-26_2018-10-26.csv,13.9344262295,0.0139,0.0122
10001496_SH_2018-10-26_2018-10-26.csv,-12.987012987,0.0134,0.0154
10001331_SH_2018-10-26_2018-10-26.csv,2.68878718535,0.1795,0.1748
10001360_SH_2018-10-29_2018-10-29.csv,-2.32945091514,0.0587,0.0601
10001478_SH_2018-10-29_2018-10-29.csv,5.96026490066,0.016,0.0151
10001359_SH_2018-10-29_2018-10-29.csv,2.47678018576,0.1986,0.1938
10001319_SH_2018-10-29_2018-10-29.csv,-3.14136125654,0.037,0.0382
10001480_SH_2018-10-29_2018-10-29.csv,2.63157894737,0.0585,0.057
10001483_SH_2018-10-29_2018-10-29.csv,-3.0325443787,0.1311,0.1352
10001333_SH_2018-10-29_2018-10-29.csv,14.9068322981,0.0185,0.0161
10001370_SH_2018-10-29_2018-10-29.csv,-3.58744394619,0.043,0.0446
10001484_SH_2018-10-29_2018-10-29.csv,-2.28739002933,0.1666,0.1705
10001479_SH_2018-10-29_2018-10-29.csv,6.31578947368,0.0101,0.0095
10001384_SH_2018-10-29_2018-10-29.csv,-5.1724137931,0.022,0.0232
10001494_SH_2018-10-29_2018-10-29.csv,2.82040647034,0.2479,0.2411
10001495_SH_2018-10-29_2018-10-29.csv,-5.40540540541,0.0105,0.0111
10001412_SH_2018-10-29_2018-10-29.csv,-5.73248407643,0.0148,0.0157
10001421_SH_2018-10-29_2018-10-29.csv,-4.47321954091,0.1623,0.1699
10001369_SH_2018-10-29_2018-10-29.csv,-3.82249560633,0.2189,0.2276
10001321_SH_2018-10-29_2018-10-29.csv,-14.0562248996,0.0214,0.0249
10001491_SH_2018-10-29_2018-10-29.csv,-8.47457627119,0.027,0.0295
10001316_SH_2018-10-29_2018-10-29.csv,4.64480874317,0.0766,0.0732
10001322_SH_2018-10-29_2018-10-29.csv,-2.86278381046,0.0984,0.1013
10001496_SH_2018-10-29_2018-10-29.csv,-2.27272727273,0.0172,0.0176
10001318_SH_2018-10-29_2018-10-29.csv,4.33839479393,0.0481,0.0461
10001331_SH_2018-10-29_2018-10-29.csv,4.18719211823,0.1692,0.1624
10001489_SH_2018-10-30_2018-10-30.csv,2.7972027972,0.147,0.143
10001331_SH_2018-10-30_2018-10-30.csv,4.03225806452,0.1161,0.1116
10001479_SH_2018-10-30_2018-10-30.csv,50.0,0.0099,0.0066
10001319_SH_2018-10-30_2018-10-30.csv,10.7296137339,0.0258,0.0233
10001318_SH_2018-10-30_2018-10-30.csv,2.9702970297,0.0312,0.0303
10001492_SH_2018-10-30_2018-10-30.csv,-3.33333333333,0.0667,0.069
10001493_SH_2018-10-30_2018-10-30.csv,3.52213231794,0.2175,0.2101
10001321_SH_2018-10-30_2018-10-30.csv,6.3829787234,0.015,0.0141
10001494_SH_2018-10-30_2018-10-30.csv,5.38957234915,0.1799,0.1707
10001481_SH_2018-10-30_2018-10-30.csv,-3.17712470214,0.1219,0.1259
10001317_SH_2018-10-30_2018-10-30.csv,2.59067357513,0.0396,0.0386
10001473_SH_2018-10-30_2018-10-30.csv,3.48162475822,0.0535,0.0517
10001325_SH_2018-10-30_2018-10-30.csv,-2.03430394894,0.2456,0.2507
10001369_SH_2018-10-30_2018-10-30.csv,2.30582524272,0.1686,0.1648
10001491_SH_2018-10-30_2018-10-30.csv,-4.8828125,0.0487,0.0512
10001320_SH_2018-10-30_2018-10-30.csv,2.16216216216,0.0189,0.0185
10001315_SH_2018-10-30_2018-10-30.csv,3.87096774194,0.0644,0.062
10001323_SH_2018-10-30_2018-10-30.csv,-2.466367713,0.174,0.1784
10001412_SH_2018-10-30_2018-10-30.csv,-8.52713178295,0.0236,0.0258
10001485_SH_2018-10-30_2018-10-30.csv,-3.63829035676,0.2728,0.2831
10001478_SH_2018-10-30_2018-10-30.csv,-5.0,0.0095,0.01
10001484_SH_2018-10-30_2018-10-30.csv,2.97872340426,0.242,0.235
10001484_SH_2018-10-31_2018-10-31.csv,5.07537688442,0.2091,0.199
10001478_SH_2018-10-31_2018-10-31.csv,2.60869565217,0.0118,0.0115
10001489_SH_2018-10-31_2018-10-31.csv,2.92740046838,0.1758,0.1708
10001479_SH_2018-10-31_2018-10-31.csv,8.33333333333,0.0078,0.0072
10001475_SH_2018-10-31_2018-10-31.csv,2.25352112676,0.0363,0.0355
10001314_SH_2018-10-31_2018-10-31.csv,4.27631578947,0.0951,0.0912
10001500_SH_2018-10-31_2018-10-31.csv,-10.5263157895,0.0085,0.0095
10001321_SH_2018-10-31_2018-10-31.csv,19.1616766467,0.0199,0.0167
10001313_SH_2018-10-31_2018-10-31.csv,2.63620386643,0.1168,0.1138
10001412_SH_2018-10-31_2018-10-31.csv,-14.3540669856,0.0179,0.0209
10001491_SH_2018-10-31_2018-10-31.csv,3.65168539326,0.0369,0.0356
10001477_SH_2018-10-31_2018-10-31.csv,8.69565217391,0.0175,0.0161
10001495_SH_2018-10-31_2018-10-31.csv,-4.375,0.0153,0.016
10001384_SH_2018-10-31_2018-10-31.csv,-4.60526315789,0.029,0.0304
10001490_SH_2018-11-01_2018-11-01.csv,3.87016229713,0.1664,0.1602
10001477_SH_2018-11-01_2018-11-01.csv,5.88235294118,0.018,0.017
10001472_SH_2018-11-01_2018-11-01.csv,2.76073619632,0.1005,0.0978
10001313_SH_2018-11-01_2018-11-01.csv,6.10038610039,0.1374,0.1295
10001317_SH_2018-11-01_2018-11-01.csv,9.54128440367,0.0597,0.0545
10001485_SH_2018-11-01_2018-11-01.csv,-5.52118039029,0.1985,0.2101
10001489_SH_2018-11-01_2018-11-01.csv,5.53543714434,0.204,0.1933
10001436_SH_2018-11-01_2018-11-01.csv,-7.21003134796,0.0888,0.0957
10001471_SH_2018-11-01_2018-11-01.csv,3.85826771654,0.1319,0.127
10001370_SH_2018-11-01_2018-11-01.csv,-6.04166666667,0.0451,0.048
10001475_SH_2018-11-01_2018-11-01.csv,2.7027027027,0.0418,0.0407
10001319_SH_2018-11-01_2018-11-01.csv,9.85074626866,0.0368,0.0335
10001487_SH_2018-11-01_2018-11-01.csv,-5.08474576271,0.28,0.295
10001384_SH_2018-11-01_2018-11-01.csv,-10.4089219331,0.0241,0.0269
10001500_SH_2018-11-01_2018-11-01.csv,-7.14285714286,0.0065,0.007
10001484_SH_2018-11-01_2018-11-01.csv,-4.56161137441,0.1611,0.1688
10001495_SH_2018-11-01_2018-11-01.csv,-13.3858267717,0.011,0.0127
10001476_SH_2018-11-01_2018-11-01.csv,5.68181818182,0.0279,0.0264
10001480_SH_2018-11-01_2018-11-01.csv,-5.93220338983,0.0555,0.059
10001494_SH_2018-11-01_2018-11-01.csv,2.1528070916,0.242,0.2369
10001333_SH_2018-11-01_2018-11-01.csv,9.42028985507,0.0151,0.0138
10001493_SH_2018-11-01_2018-11-01.csv,4.04624277457,0.288,0.2768
10001483_SH_2018-11-01_2018-11-01.csv,-9.28838951311,0.1211,0.1335
10001486_SH_2018-11-01_2018-11-01.csv,-2.77337559429,0.2454,0.2524
10001412_SH_2018-11-01_2018-11-01.csv,-10.0,0.0171,0.019
10001320_SH_2018-11-01_2018-11-01.csv,9.2,0.0273,0.025
10001322_SH_2018-11-01_2018-11-01.csv,-7.57156048015,0.1001,0.1083
10001318_SH_2018-11-01_2018-11-01.csv,9.57943925234,0.0469,0.0428
10001369_SH_2018-11-01_2018-11-01.csv,15.7870996843,0.2567,0.2217
10001314_SH_2018-11-01_2018-11-01.csv,7.72163965682,0.113,0.1049
10001377_SH_2018-11-01_2018-11-01.csv,4.12808641975,0.2699,0.2592
10001474_SH_2018-11-01_2018-11-01.csv,4.32432432432,0.0579,0.0555
10001315_SH_2018-11-01_2018-11-01.csv,7.22610722611,0.092,0.0858
10001324_SH_2018-11-01_2018-11-01.csv,-2.31566118221,0.1603,0.1641
10001332_SH_2018-11-01_2018-11-01.csv,-3.57967667436,0.0835,0.0866
10001316_SH_2018-11-01_2018-11-01.csv,8.58806404658,0.0746,0.0687
10001473_SH_2018-11-01_2018-11-01.csv,5.26315789474,0.078,0.0741
10001482_SH_2018-11-01_2018-11-01.csv,-8.47619047619,0.0961,0.105
10001323_SH_2018-11-01_2018-11-01.csv,-5.74626865672,0.1263,0.134
10001378_SH_2018-11-01_2018-11-01.csv,-9.45945945946,0.0335,0.037
10001321_SH_2018-11-01_2018-11-01.csv,6.77083333333,0.0205,0.0192
10001360_SH_2018-11-01_2018-11-01.csv,-9.28143712575,0.0606,0.0668
10001325_SH_2018-11-01_2018-11-01.csv,-4.07854984894,0.1905,0.1986
10001491_SH_2018-11-01_2018-11-01.csv,-3.57142857143,0.027,0.028
10001359_SH_2018-11-01_2018-11-01.csv,5.31972058033,0.196,0.1861
10001492_SH_2018-11-01_2018-11-01.csv,-2.91262135922,0.04,0.0412
10001411_SH_2018-11-01_2018-11-01.csv,3.47058823529,0.3518,0.34
10001440_SH_2018-11-02_2018-11-02.csv,-6.27240143369,0.0523,0.0558
10001485_SH_2018-11-02_2018-11-02.csv,-5.08677438659,0.1586,0.1671
10001477_SH_2018-11-02_2018-11-02.csv,4.44444444444,0.0235,0.0225
10001326_SH_2018-11-02_2018-11-02.csv,-3.73684210526,0.1829,0.19
10001332_SH_2018-11-02_2018-11-02.csv,-21.6257668712,0.0511,0.0652
10001417_SH_2018-11-02_2018-11-02.csv,6.73289183223,0.2901,0.2718
10001331_SH_2018-11-02_2018-11-02.csv,7.51146788991,0.1875,0.1744
10001423_SH_2018-11-02_2018-11-02.csv,4.00667779633,0.1246,0.1198
10001501_SH_2018-11-02_2018-11-02.csv,3.42052313883,0.3598,0.3479
10001327_SH_2018-11-02_2018-11-02.csv,-2.90492957746,0.2206,0.2272
10001522_SH_2018-11-02_2018-11-02.csv,-6.07594936709,0.0742,0.079
10001439_SH_2018-11-02_2018-11-02.csv,3.73660830938,0.397,0.3827
10001321_SH_2018-11-02_2018-11-02.csv,4.5871559633,0.0228,0.0218
10001328_SH_2018-11-02_2018-11-02.csv,-3.30578512397,0.2574,0.2662
10001378_SH_2018-11-02_2018-11-02.csv,-15.7692307692,0.0219,0.026
10001426_SH_2018-11-02_2018-11-02.csv,-7.74869109948,0.0881,0.0955
10001420_SH_2018-11-02_2018-11-02.csv,7.28831725616,0.2002,0.1866
10001411_SH_2018-11-02_2018-11-02.csv,3.06716023268,0.3898,0.3782
10001442_SH_2018-11-02_2018-11-02.csv,-11.8834080717,0.0393,0.0446
10001313_SH_2018-11-02_2018-11-02.csv,6.13409415121,0.1488,0.1402
10001429_SH_2018-11-02_2018-11-02.csv,-7.89800995025,0.1481,0.1608
10001315_SH_2018-11-02_2018-11-02.csv,4.38775510204,0.1023,0.098
10001323_SH_2018-11-02_2018-11-02.csv,-2.3786869648,0.1026,0.1051
10001502_SH_2018-11-02_2018-11-02.csv,7.12484237074,0.3398,0.3172
10001425_SH_2018-11-02_2018-11-02.csv,11.0609480813,0.0984,0.0886
10001503_SH_2018-11-02_2018-11-02.csv,8.77687698273,0.3086,0.2837
10001487_SH_2018-11-02_2018-11-02.csv,-4.75803172021,0.2342,0.2459
10001324_SH_2018-11-02_2018-11-02.csv,-14.2419601838,0.112,0.1306
10001508_SH_2018-11-02_2018-11-02.csv,9.80156343957,0.1826,0.1663
10001473_SH_2018-11-02_2018-11-02.csv,4.26229508197,0.0954,0.0915
10001514_SH_2018-11-02_2018-11-02.csv,-5.56138509969,0.18,0.1906
10001504_SH_2018-11-02_2018-11-02.csv,8.59922178988,0.2791,0.257
10001431_SH_2018-11-02_2018-11-02.csv,-7.78859527121,0.1989,0.2157
10001506_SH_2018-11-02_2018-11-02.csv,8.04378867206,0.227,0.2101
10001433_SH_2018-11-02_2018-11-02.csv,14.6873843877,0.31,0.2703
10001499_SH_2018-11-02_2018-11-02.csv,3.55062413315,0.3733,0.3605
10001434_SH_2018-11-02_2018-11-02.csv,-4.27435387674,0.2889,0.3018
10001509_SH_2018-11-02_2018-11-02.csv,7.51483190508,0.1631,0.1517
10001436_SH_2018-11-02_2018-11-02.csv,-10.7579462103,0.073,0.0818
10001489_SH_2018-11-02_2018-11-02.csv,3.53753235548,0.24,0.2318
10001314_SH_2018-11-02_2018-11-02.csv,6.12903225806,0.1316,0.124
10001490_SH_2018-11-02_2018-11-02.csv,3.23253388947,0.198,0.1918
10001475_SH_2018-11-02_2018-11-02.csv,7.74058577406,0.0515,0.0478
10001495_SH_2018-11-02_2018-11-02.csv,-18.3333333333,0.0049,0.006
10001320_SH_2018-11-02_2018-11-02.csv,7.01754385965,0.0305,0.0285
10001488_SH_2018-11-02_2018-11-02.csv,-5.30405405405,0.2803,0.296
10001333_SH_2018-11-02_2018-11-02.csv,16.0,0.0174,0.015
10001481_SH_2018-11-02_2018-11-02.csv,-7.22433460076,0.0488,0.0526
10001486_SH_2018-11-02_2018-11-02.csv,-2.4,0.1952,0.2
10001427_SH_2018-11-02_2018-11-02.csv,-6.68358714044,0.1103,0.1182
10001422_SH_2018-11-02_2018-11-02.csv,7.63740185582,0.1508,0.1401
10001360_SH_2018-11-02_2018-11-02.csv,-9.29292929293,0.0449,0.0495
10001510_SH_2018-11-02_2018-11-02.csv,-7.18835304823,0.102,0.1099
10001316_SH_2018-11-02_2018-11-02.csv,3.38345864662,0.0825,0.0798
10001472_SH_2018-11-02_2018-11-02.csv,3.41666666667,0.1241,0.12
10001322_SH_2018-11-02_2018-11-02.csv,-7.39827373613,0.0751,0.0811
10001438_SH_2018-11-02_2018-11-02.csv,-13.6563876652,0.0588,0.0681
10001418_SH_2018-11-02_2018-11-02.csv,5.41666666667,0.253,0.24
10001430_SH_2018-11-02_2018-11-02.csv,-9.59703075292,0.1705,0.1886
10001491_SH_2018-11-02_2018-11-02.csv,-17.9347826087,0.0151,0.0184
10001435_SH_2018-11-02_2018-11-02.csv,4.96894409938,0.3211,0.3059
10001480_SH_2018-11-02_2018-11-02.csv,-4.65753424658,0.0348,0.0365
10001412_SH_2018-11-02_2018-11-02.csv,-9.3023255814,0.0117,0.0129
10001370_SH_2018-11-02_2018-11-02.csv,-18.2065217391,0.0301,0.0368
10001419_SH_2018-11-02_2018-11-02.csv,12.3054474708,0.2309,0.2056
10001496_SH_2018-11-02_2018-11-02.csv,-6.12244897959,0.0092,0.0098
10001500_SH_2018-11-02_2018-11-02.csv,-16.2790697674,0.0036,0.0043
10001476_SH_2018-11-02_2018-11-02.csv,4.81927710843,0.0348,0.0332
10001482_SH_2018-11-02_2018-11-02.csv,2.31481481481,0.0663,0.0648
10001369_SH_2018-11-02_2018-11-02.csv,4.42443226312,0.2667,0.2554
10001494_SH_2018-11-02_2018-11-02.csv,4.19985517741,0.2878,0.2762
10001469_SH_2018-11-02_2018-11-02.csv,11.8421052632,0.085,0.076
10001483_SH_2018-11-02_2018-11-02.csv,-5.67375886525,0.0931,0.0987
10001325_SH_2018-11-02_2018-11-02.csv,-7.49531542786,0.1481,0.1601
10001484_SH_2018-11-02_2018-11-02.csv,-3.125,0.124,0.128
10001441_SH_2018-11-02_2018-11-02.csv,-5.94620103823,0.3986,0.4238
10001424_SH_2018-11-02_2018-11-02.csv,15.845410628,0.1199,0.1035
10001507_SH_2018-11-02_2018-11-02.csv,5.30927835052,0.2043,0.194
10001442_SH_2018-11-05_2018-11-05.csv,5.4347826087,0.0388,0.0368
10001479_SH_2018-11-05_2018-11-05.csv,-8.86075949367,0.0072,0.0079
10001369_SH_2018-11-05_2018-11-05.csv,-2.69654386631,0.2562,0.2633
10001483_SH_2018-11-05_2018-11-05.csv,2.79329608939,0.092,0.0895
10001496_SH_2018-11-05_2018-11-05.csv,-19.0476190476,0.0085,0.0105
10001495_SH_2018-11-05_2018-11-05.csv,5.35714285714,0.0059,0.0056
10001492_SH_2018-11-05_2018-11-05.csv,2.23214285714,0.0229,0.0224
10001323_SH_2018-11-05_2018-11-05.csv,2.42872228089,0.097,0.0947
10001510_SH_2018-11-05_2018-11-05.csv,3.9603960396,0.105,0.101
10001321_SH_2018-11-05_2018-11-05.csv,8.04020100503,0.0215,0.0199
10001512_SH_2018-11-05_2018-11-05.csv,2.33918128655,0.14,0.1368
10001331_SH_2018-11-05_2018-11-05.csv,-2.40083507307,0.187,0.1916
10001511_SH_2018-11-05_2018-11-05.csv,3.38983050847,0.122,0.118
10001500_SH_2018-11-05_2018-11-05.csv,8.10810810811,0.004,0.0037
10001508_SH_2018-11-05_2018-11-05.csv,-4.21108742004,0.1797,0.1876
10001491_SH_2018-11-05_2018-11-05.csv,4.8951048951,0.015,0.0143
10001325_SH_2018-11-05_2018-11-05.csv,2.03114421124,0.1507,0.1477
10001481_SH_2018-11-05_2018-11-05.csv,3.6170212766,0.0487,0.047
10001477_SH_2018-11-05_2018-11-05.csv,2.60416666667,0.0197,0.0192
10001378_SH_2018-11-05_2018-11-05.csv,4.48430493274,0.0233,0.0223
10001469_SH_2018-11-05_2018-11-05.csv,2.49702734839,0.0862,0.0841
10001384_SH_2018-11-05_2018-11-05.csv,6.32911392405,0.0168,0.0158
10001318_SH_2018-11-05_2018-11-05.csv,-4.19161676647,0.048,0.0501
10001507_SH_2018-11-05_2018-11-05.csv,-2.34375,0.2,0.2048
10001473_SH_2018-11-05_2018-11-05.csv,-2.41850683491,0.0928,0.0951
10001370_SH_2018-11-05_2018-11-05.csv,4.9504950495,0.0318,0.0303
10001317_SH_2018-11-05_2018-11-05.csv,2.47678018576,0.0662,0.0646
10001419_SH_2018-11-05_2018-11-05.csv,2.88888888889,0.2315,0.225
10001332_SH_2018-11-05_2018-11-05.csv,2.99295774648,0.0585,0.0568
10001472_SH_2018-11-05_2018-11-05.csv,-2.71739130435,0.1253,0.1288
10001412_SH_2018-11-05_2018-11-05.csv,2.60869565217,0.0118,0.0115
10001523_SH_2018-11-05_2018-11-05.csv,-4.15549597855,0.143,0.1492
10001479_SH_2018-11-06_2018-11-06.csv,-2.81690140845,0.0069,0.0071
10001320_SH_2018-11-06_2018-11-06.csv,2.60223048327,0.0276,0.0269
10001496_SH_2018-11-06_2018-11-06.csv,4.59770114943,0.0091,0.0087
10001500_SH_2018-11-06_2018-11-06.csv,-8.57142857143,0.0032,0.0035
10001480_SH_2018-11-06_2018-11-06.csv,3.07262569832,0.0369,0.0358
10001418_SH_2018-11-06_2018-11-06.csv,-5.91924735398,0.24,0.2551
10001412_SH_2018-11-06_2018-11-06.csv,-2.5,0.0117,0.012
10001484_SH_2018-11-06_2018-11-06.csv,3.15142198309,0.1342,0.1301
10001481_SH_2018-11-06_2018-11-06.csv,2.66666666667,0.0539,0.0525
10001477_SH_2018-11-06_2018-11-06.csv,3.20855614973,0.0193,0.0187
10001475_SH_2018-11-06_2018-11-06.csv,-2.39130434783,0.0449,0.046
10001474_SH_2018-11-06_2018-11-06.csv,-2.00927357032,0.0634,0.0647
10001491_SH_2018-11-06_2018-11-06.csv,8.0,0.0162,0.015
10001317_SH_2018-11-06_2018-11-06.csv,4.36893203883,0.0645,0.0618
10001438_SH_2018-11-06_2018-11-06.csv,3.1746031746,0.065,0.063
